# These show how cities are connected (0 = no connection, 1 = direct road).
0 1 1 0 0 0 0 0 0 0 0 0 0 0 0 0 1 0 0 0
1 0 1 1 0 0 0 0 0 0 0 0 0 0 0 0 1 0 0 0
1 1 0 1 1 0 0 0 0 0 0 0 0 0 0 1 0 0 0 0
0 1 1 0 1 1 0 0 0 0 0 0 0 0 1 1 0 0 0 0
0 0 1 1 0 1 1 0 0 1 0 0 0 0 1 0 0 0 0 0
0 0 0 1 1 0 1 1 0 0 0 0 0 0 0 0 1 0 0 0
0 0 0 0 1 1 0 0 0 0 1 1 0 0 0 0 0 1 0 0
0 0 0 0 0 1 0 0 0 0 0 0 1 1 0 0 0 0 0 0
0 0 0 0 1 0 0 0 0 0 0 0 0 0 0 0 0 1 0 0
0 0 0 0 1 0 0 0 0 0 0 1 0 0 0 0 0 1 0 0
0 0 0 0 0 0 1 0 0 0 0 1 0 0 1 0 0 1 0 1
0 0 0 0 0 0 1 0 0 1 1 0 1 0 0 0 1 1 1 0
0 0 0 0 0 0 0 1 0 0 0 1 0 1 0 0 0 1 0 0
0 0 0 0 0 0 0 1 0 0 0 0 1 0 1 0 0 0 0 0
0 0 0 1 1 0 0 0 0 0 1 0 0 1 0 1 0 0 0 0
0 0 1 1 0 0 0 0 0 0 0 0 0 0 1 0 0 0 0 0
1 1 0 0 0 1 0 0 0 0 0 1 0 0 0 0 0 1 0 0
0 0 0 0 0 0 1 0 1 1 1 1 0 0 0 0 1 0 1 0
0 0 0 0 0 0 0 0 0 0 0 1 0 0 0 0 0 1 0 1
0 0 0 0 0 0 0 0 0 0 1 0 0 0 0 0 0 0 1 0

